           0   2.6899646231566161E-002
         500   2.7206233944074894E-002
        1000   2.9656470976044961E-002
        1500   3.7017435251810088E-002
        2000   4.9776389273347571E-002
        2500   4.9714721709129314E-002
        3000   5.5406731573873998E-002
        3500   5.1785312005672275E-002
        4000   5.8765531841260543E-002
        4500   5.9177892709009784E-002
        5000   4.5646289622329368E-002
        5500   4.0460060132435957E-002
        6000   3.8942164170179629E-002
        6500   3.6305727541395230E-002
        7000   4.9610640978561105E-002
        7500   3.7477972179148854E-002
        8000   3.8821727896401266E-002
        8500   4.0567576195739224E-002
        9000   4.1974995843272238E-002
        9500   4.1376529139603449E-002
       10000   4.3591434701262977E-002
       10500   4.5824273070272474E-002
       11000   4.6363745705705728E-002
       11500   4.6472744252293044E-002
       12000   4.6987882769651095E-002
       12500   4.3705096361344870E-002
       13000   4.0826860268556565E-002
       13500   3.8244073201095290E-002
       14000   3.8217380146654018E-002
       14500   3.8014883917279425E-002
       15000   3.8835191343914270E-002
       15500   3.9011100253738620E-002
       16000   3.9256740422707243E-002
       16500   4.0000196507092543E-002
       17000   4.0999879324524181E-002
       17500   4.1809125766900344E-002
       18000   4.1922007017996699E-002
       18500   4.1854868882703386E-002
       19000   4.1769897219362098E-002
       19500   4.1396291185983015E-002
       20000   4.0470374993614167E-002
       20500   3.9729104272813932E-002
       21000   3.8988703859746496E-002
       21500   3.8247157037554311E-002
       22000   3.8091600143785133E-002
       22500   3.8020019367095016E-002
       23000   3.8326813712249948E-002
       23500   3.8414497700942941E-002
       24000   3.8743316555851087E-002
       24500   3.8928503196956898E-002
       25000   3.9186996972094046E-002
       25500   3.9615765348245631E-002
       26000   4.0007052916510105E-002
       26500   4.0162368302806492E-002
       27000   4.0027277465661176E-002
       27500   3.9594815244970355E-002
       28000   3.8896900140541549E-002
       28500   3.8258198675829753E-002
       29000   3.7812233533796161E-002
       29500   3.7653692356376944E-002
       30000   3.7603678960374920E-002
       30500   3.7798470569592874E-002
       31000   3.7939325633402216E-002
       31500   3.7977610847051917E-002
       32000   3.7990352706892654E-002
       32500   3.8079880802694366E-002
       33000   3.8351305409385972E-002
       33500   3.8820144601709995E-002
       34000   3.9128139516150594E-002
       34500   3.9217699659198468E-002
       35000   3.9057557914502973E-002
       35500   3.8674000417356240E-002
       36000   3.8088949346435384E-002
       36500   3.7601918426840054E-002
       37000   3.7376288229689289E-002
       37500   3.7302662485036456E-002
       38000   3.7259825696330809E-002
       38500   3.7177543928295358E-002
       39000   3.7260319752298106E-002
       39500   3.7212894444546493E-002
       40000   3.7117257544311263E-002
       40500   3.7298592136712487E-002
       41000   3.7563278202195974E-002
       41500   3.7790318426619188E-002
       42000   3.8388102925779787E-002
       42500   3.8602105084491085E-002
       43000   3.8374862908321990E-002
       43500   3.8085840909715236E-002
       44000   3.7621442020795204E-002
       44500   3.7400424109543605E-002
       45000   3.7092330924934115E-002
       45500   3.7009061446260393E-002
       46000   3.7028577810240826E-002
       46500   3.6970899315424445E-002
       47000   3.6781567448201304E-002
       47500   3.6689258028611858E-002
       48000   3.6567139481174273E-002
       48500   3.6483190307386393E-002
       49000   3.6553987820946390E-002
       49500   3.6824233280977510E-002
       50000   3.7134984913912442E-002
